             10           1000      -3811.260
             20           2000      -3678.649
             30           3000      -3519.336
             40           4000      -3483.818
             50           5000      -3385.639
             60           6000      -3087.771
             70           7000      -2721.270
             80           8000      -3099.914
             90           9000      -3883.019
            100          10000      -4952.172
            110          11000      -6277.348
            120          12000      -7805.422
            130          13000      -9201.944
            140          14000     -10601.834
            150          15000     -11917.352
            160          16000     -13489.877
            170          17000     -14388.526
            180          18000     -15308.629
            190          19000     -16188.172
            200          20000     -16882.424
            210          21000     -17307.290
            220          22000     -17637.478
            230          23000     -17988.149
            240          24000     -18315.692
            250          25000     -18563.970
            260          26000     -18705.444
            270          27000     -18822.320
            280          28000     -18873.062
            290          29000     -18936.572
            300          30000     -18981.046
            310          31000     -18876.910
            320          32000      -2630.087
            330          33000      -3180.434
            340          34000      -3847.803
            350          35000      -4550.106
            360          36000      -5220.781
            370          37000      -5998.386
            380          38000      -6382.350
            390          39000      -7390.771
            400          40000      -8594.224
            410          41000      -9707.693
            420          42000     -10598.027
            430          43000     -11556.384
            440          44000     -12338.276
            450          45000     -12572.212
            460          46000       -859.285
            470          47000       -852.880
            480          48000       -838.828
            490          49000       -852.229
            500          50000       -820.604
            510          51000       -819.715
            520          52000       -841.759
            530          53000       -813.259
            540          54000       -816.012
            550          55000       -818.740
            560          56000       -813.636
            570          57000       -812.717
            580          58000       -824.882
            590          59000       -808.437
            600          60000       -815.696
            610          61000       -816.559
            620          62000       -807.910
            630          63000       -812.483
            640          64000       -816.354
            650          65000       -832.695
            660          66000       -825.062
            670          67000       -803.090
            680          68000       -788.848
            690          69000       -805.853
            700          70000       -821.653
            710          71000       -826.752
            720          72000       -816.930
            730          73000       -807.647
            740          74000       -811.210
            750          75000       -810.662
            760          76000       -798.470
            770          77000       -794.212
            780          78000       -795.575
            790          79000       -792.622
            800          80000       -805.354
            810          81000       -794.098
            820          82000       -788.446
            830          83000       -795.951
            840          84000       -786.343
            850          85000       -781.435
            860          86000       -764.856
            870          87000       -778.163
            880          88000       -766.526
            890          89000       -778.366
            900          90000       -779.023
            910          91000       -766.236
            920          92000       -763.675
            930          93000       -767.771
            940          94000       -773.880
            950          95000       -773.022
            960          96000       -762.446
            970          97000       -779.997
            980          98000       -757.698
            990          99000       -769.059
           1000         100000       -761.160
           1010         101000       -754.181
           1020         102000       -802.217
           1030         103000       -770.460
           1040         104000       -773.833
           1050         105000       -758.982
           1060         106000       -757.107
           1070         107000       -772.628
           1080         108000       -760.476
           1090         109000       -760.610
           1100         110000       -757.470
           1110         111000       -775.682
           1120         112000       -755.944
           1130         113000       -776.428
           1140         114000       -758.367
           1150         115000       -765.540
           1160         116000       -757.790
           1170         117000       -769.144
           1180         118000       -762.566
           1190         119000       -764.946
           1200         120000       -755.859
           1210         121000       -756.722
           1220         122000       -752.214
           1230         123000       -755.379
           1240         124000       -850.452
           1250         125000       -780.745
           1260         126000       -747.739
           1270         127000       -748.339
           1280         128000       -743.741
           1290         129000       -753.529
           1300         130000       -746.945
           1310         131000       -756.252
           1320         132000       -759.989
           1330         133000       -755.344
           1340         134000       -756.344
           1350         135000       -763.096
           1360         136000       -756.152
           1370         137000       -751.393
           1380         138000       -756.694
           1390         139000       -748.950
           1400         140000       -762.189
           1410         141000       -740.989
           1420         142000       -750.493
           1430         143000       -748.336
           1440         144000       -749.772
           1450         145000       -758.465
           1460         146000       -748.165
           1470         147000       -755.392
           1480         148000       -755.637
           1490         149000       -756.884
           1500         150000       -786.040
           1510         151000       -761.511
           1520         152000       -743.962
           1530         153000       -766.207
           1540         154000       -755.547
           1550         155000       -789.358
           1560         156000       -750.078
           1570         157000       -749.686
           1580         158000       -764.238
           1590         159000       -770.041
           1600         160000       -772.502
           1610         161000       -756.188
           1620         162000       -756.004
           1630         163000       -748.918
           1640         164000       -749.554
           1650         165000       -755.585
           1660         166000       -748.908
           1670         167000       -757.717
           1680         168000       -745.825
           1690         169000       -755.607
           1700         170000       -767.113
           1710         171000       -770.522
           1720         172000       -754.836
           1730         173000       -764.234
           1740         174000       -758.172
           1750         175000       -746.649
           1760         176000       -746.803
           1770         177000       -750.600
           1780         178000       -748.601
           1790         179000       -776.340
           1800         180000       -799.442
           1810         181000       -759.439
           1820         182000       -749.445
           1830         183000       -766.232
           1840         184000       -761.809
           1850         185000       -761.219
           1860         186000       -779.211
           1870         187000       -756.460
           1880         188000       -758.156
           1890         189000       -785.896
           1900         190000       -756.687
           1910         191000       -750.229
           1920         192000       -751.199
           1930         193000       -755.659
           1940         194000       -747.574
           1950         195000       -745.407
           1960         196000       -756.684
           1970         197000       -763.103
           1980         198000       -758.024
           1990         199000       -745.746
           2000         200000       -759.850
           2010         201000       -775.185
           2020         202000       -761.015
           2030         203000       -758.530
           2040         204000       -769.349
           2050         205000       -765.298
           2060         206000       -757.279
           2070         207000       -770.124
           2080         208000       -751.966
           2090         209000       -767.203
           2100         210000       -776.950
           2110         211000       -762.805
           2120         212000       -759.051
           2130         213000       -761.478
           2140         214000       -766.231
           2150         215000       -772.143
           2160         216000       -759.004
           2170         217000       -776.995
           2180         218000       -768.987
           2190         219000       -818.030
           2200         220000       -777.442
           2210         221000       -776.734
           2220         222000       -782.664
           2230         223000       -775.383
           2240         224000       -845.510
           2250         225000       -785.626
           2260         226000       -850.659
           2270         227000       -814.464
           2280         228000       -802.434
           2290         229000       -798.334
           2300         230000       -807.628
           2310         231000       -809.980
           2320         232000       -826.463
           2330         233000       -828.338
           2340         234000       -782.943
           2350         235000       -853.431
           2360         236000       -778.949
           2370         237000       -807.932
           2380         238000       -818.799
           2390         239000       -782.006
           2400         240000       -847.652
           2410         241000       -851.143
           2420         242000       -801.582
           2430         243000       -841.846
           2440         244000       -919.743
           2450         245000       -904.744
           2460         246000      -1423.655
           2470         247000       -849.267
           2480         248000       -803.522
           2490         249000      -1553.234
           2500         250000      -1325.638
           2510         251000       -903.337
           2520         252000       -875.635
           2530         253000       -852.871
           2540         254000       -825.227
           2550         255000       -829.057
           2560         256000       -809.813
           2570         257000       -862.131
           2580         258000       -882.171
           2590         259000      -1221.470
           2600         260000       -859.033
           2610         261000       -827.544
           2620         262000       -881.121
           2630         263000       -925.094
           2640         264000       -970.892
           2650         265000      -1026.206
           2660         266000       -910.199
           2670         267000       -805.811
           2680         268000       -873.657
           2690         269000       -842.871
           2700         270000       -881.031
           2710         271000       -880.781
           2720         272000       -814.641
           2730         273000       -907.634
           2740         274000       -833.398
           2750         275000       -796.210
           2760         276000       -949.285
           2770         277000       -829.284
           2780         278000       -830.662
           2790         279000       -834.224
           2800         280000       -837.935
           2810         281000       -835.009
           2820         282000       -822.253
           2830         283000       -809.508
           2840         284000       -811.343
