             10           1000      -3838.026
             20           2000      -3704.516
             30           3000      -3527.830
             40           4000      -3486.370
             50           5000      -3377.747
             60           6000      -3140.484
             70           7000      -3065.247
             80           8000      -2828.011
             90           9000      -3483.430
            100          10000      -4344.704
            110          11000      -5601.119
            120          12000      -6689.246
            130          13000      -8084.658
            140          14000      -9388.259
            150          15000     -10843.828
            160          16000     -12201.532
            170          17000     -13606.114
            180          18000     -14706.075
            190          19000     -15548.029
            200          20000     -16339.227
            210          21000     -16828.771
            220          22000     -17275.052
            230          23000     -17572.279
            240          24000     -17862.856
            250          25000     -18124.733
            260          26000     -18337.596
            270          27000     -18548.208
            280          28000     -18618.498
            290          29000     -18672.850
            300          30000     -18850.300
            310          31000     -15421.676
            320          32000      -4891.601
            330          33000      -5675.690
            340          34000      -6308.196
            350          35000      -7078.940
            360          36000      -7757.049
            370          37000      -9593.145
            380          38000     -10467.318
            390          39000     -10991.917
            400          40000     -10383.006
            410          41000     -12038.442
            420          42000     -13471.509
            430          43000     -13351.510
            440          44000     -13946.899
            450          45000     -14775.962
            460          46000     -15624.228
            470          47000     -16026.091
            480          48000     -15375.323
            490          49000     -15376.319
            500          50000     -15720.083
            510          51000     -15953.447
            520          52000     -16163.102
            530          53000     -15657.596
            540          54000     -13830.978
            550          55000      -1347.989
            560          56000      -1339.106
            570          57000     -14590.310
            580          58000     -14740.773
            590          59000     -16937.472
            600          60000     -17180.620
            610          61000     -17271.633
            620          62000     -16707.497
            630          63000       -955.367
            640          64000       -941.418
            650          65000       -938.088
            660          66000       -934.343
            670          67000       -918.259
            680          68000       -909.967
            690          69000       -912.169
            700          70000       -872.268
            710          71000       -862.378
            720          72000       -854.525
            730          73000       -846.055
            740          74000       -851.440
            750          75000       -846.611
            760          76000       -852.291
            770          77000       -810.266
            780          78000       -809.367
            790          79000       -828.304
            800          80000       -820.973
            810          81000       -833.042
            820          82000       -849.624
            830          83000       -803.557
            840          84000       -797.912
            850          85000       -795.307
            860          86000       -785.368
            870          87000       -782.712
            880          88000       -781.106
            890          89000       -781.920
            900          90000       -814.247
            910          91000       -785.964
            920          92000       -771.970
            930          93000       -764.701
            940          94000       -806.711
            950          95000       -795.441
            960          96000       -812.008
            970          97000       -774.129
            980          98000       -836.135
            990          99000       -770.156
           1000         100000       -763.119
           1010         101000       -768.451
           1020         102000       -764.972
           1030         103000       -766.772
           1040         104000       -768.517
           1050         105000       -767.383
           1060         106000       -761.154
           1070         107000       -766.145
           1080         108000       -774.235
           1090         109000       -757.798
           1100         110000       -764.002
           1110         111000       -766.409
           1120         112000       -758.418
           1130         113000       -775.582
           1140         114000       -780.919
           1150         115000       -769.043
           1160         116000       -808.589
           1170         117000       -756.696
           1180         118000       -762.662
           1190         119000       -757.945
           1200         120000       -757.886
           1210         121000       -766.906
           1220         122000       -754.087
           1230         123000       -765.106
           1240         124000       -755.981
           1250         125000       -757.298
           1260         126000       -769.665
           1270         127000       -756.617
           1280         128000       -771.179
           1290         129000       -771.260
           1300         130000       -819.810
           1310         131000       -754.447
           1320         132000       -785.997
           1330         133000       -773.665
           1340         134000       -759.570
           1350         135000       -753.382
           1360         136000       -753.039
           1370         137000       -767.419
           1380         138000       -762.208
           1390         139000       -807.974
           1400         140000       -756.877
           1410         141000       -754.377
           1420         142000       -759.587
           1430         143000       -759.723
           1440         144000       -760.476
           1450         145000       -755.144
           1460         146000       -781.025
           1470         147000       -766.281
           1480         148000       -808.915
           1490         149000       -754.621
           1500         150000       -759.068
           1510         151000       -758.219
           1520         152000       -761.359
           1530         153000       -752.186
           1540         154000       -752.897
           1550         155000       -752.755
           1560         156000       -757.603
           1570         157000       -754.779
           1580         158000       -756.274
           1590         159000       -755.554
           1600         160000       -753.082
           1610         161000       -759.144
           1620         162000       -762.676
           1630         163000       -761.684
           1640         164000       -750.352
           1650         165000       -763.694
           1660         166000       -760.746
           1670         167000       -761.755
           1680         168000       -763.447
           1690         169000       -750.512
           1700         170000       -758.697
           1710         171000       -759.858
           1720         172000       -755.889
           1730         173000       -764.101
           1740         174000       -762.884
           1750         175000       -756.527
           1760         176000       -760.735
           1770         177000       -760.063
           1780         178000       -786.186
           1790         179000       -762.060
           1800         180000       -756.485
           1810         181000       -764.926
           1820         182000       -783.232
           1830         183000       -768.692
           1840         184000       -783.475
           1850         185000       -757.476
           1860         186000       -757.926
           1870         187000       -760.504
           1880         188000       -817.306
           1890         189000       -765.177
           1900         190000       -771.372
           1910         191000       -775.192
           1920         192000       -762.548
           1930         193000       -757.883
           1940         194000       -826.054
           1950         195000       -761.079
           1960         196000       -766.622
           1970         197000       -782.154
           1980         198000       -768.862
           1990         199000       -768.506
           2000         200000       -760.528
           2010         201000       -762.593
           2020         202000       -759.666
           2030         203000       -761.635
           2040         204000       -758.610
           2050         205000       -766.150
           2060         206000       -764.296
           2070         207000       -764.166
           2080         208000       -764.984
           2090         209000       -776.260
           2100         210000       -778.753
           2110         211000       -759.360
           2120         212000       -762.458
           2130         213000       -762.789
           2140         214000       -822.028
           2150         215000       -767.184
           2160         216000       -773.024
           2170         217000       -757.342
           2180         218000       -757.846
           2190         219000       -760.782
           2200         220000       -802.212
           2210         221000       -759.247
           2220         222000       -756.789
           2230         223000       -758.276
           2240         224000       -802.604
           2250         225000       -767.396
           2260         226000       -769.771
           2270         227000       -794.920
           2280         228000       -766.074
           2290         229000       -764.557
           2300         230000       -764.177
           2310         231000       -773.984
           2320         232000       -770.723
           2330         233000       -764.141
           2340         234000       -880.413
           2350         235000       -763.335
           2360         236000       -763.204
           2370         237000       -773.913
           2380         238000       -765.833
           2390         239000       -763.388
           2400         240000       -776.342
           2410         241000       -764.052
           2420         242000       -777.530
           2430         243000       -758.154
           2440         244000       -765.944
           2450         245000       -761.810
           2460         246000       -759.213
           2470         247000       -762.340
           2480         248000       -760.294
           2490         249000       -761.905
           2500         250000       -762.156
           2510         251000       -770.347
           2520         252000       -762.610
           2530         253000       -850.375
           2540         254000       -765.451
           2550         255000       -764.048
           2560         256000       -758.523
           2570         257000       -760.854
           2580         258000       -765.759
           2590         259000       -776.779
           2600         260000       -765.859
           2610         261000       -828.854
           2620         262000       -832.784
           2630         263000       -840.703
           2640         264000       -763.419
           2650         265000       -765.561
           2660         266000       -758.251
           2670         267000       -797.979
           2680         268000       -771.834
           2690         269000       -758.630
           2700         270000       -764.120
           2710         271000       -764.514
           2720         272000       -755.522
           2730         273000       -801.531
           2740         274000       -765.812
           2750         275000       -780.628
           2760         276000       -756.506
           2770         277000       -758.227
           2780         278000       -760.806
           2790         279000       -767.814
           2800         280000       -792.151
           2810         281000       -771.474
           2820         282000       -765.725
           2830         283000       -786.275
           2840         284000       -778.210
           2850         285000       -806.831
           2860         286000       -788.522
           2870         287000       -822.963
           2880         288000       -817.492
           2890         289000       -806.291
           2900         290000       -795.226
           2910         291000       -799.025
           2920         292000       -808.797
           2930         293000       -805.935
           2940         294000       -771.266
           2950         295000       -770.961
           2960         296000       -769.252
           2970         297000       -769.273
           2980         298000       -777.157
           2990         299000       -947.905
           3000         300000       -795.635
           3010         301000       -765.020
           3020         302000       -799.005
           3030         303000       -768.439
           3040         304000       -766.631
           3050         305000       -758.378
           3060         306000       -767.180
           3070         307000       -765.639
           3080         308000       -769.066
           3090         309000       -801.404
           3100         310000       -879.187
           3110         311000      -1013.340
           3120         312000      -1059.000
           3130         313000      -1076.236
           3140         314000      -1184.591
           3150         315000      -1071.559
           3160         316000      -1066.846
           3170         317000      -1196.022
           3180         318000      -1348.593
           3190         319000      -1079.953
           3200         320000      -1161.467
           3210         321000       -984.262
           3220         322000       -954.243
           3230         323000      -1335.810
           3240         324000      -1440.565
           3250         325000      -1343.647
           3260         326000      -1258.209
           3270         327000      -1243.547
           3280         328000      -1391.683
           3290         329000      -1297.078
           3300         330000      -1234.050
           3310         331000      -1365.252
           3320         332000      -1289.129
           3330         333000      -1268.876
           3340         334000      -1203.520
           3350         335000      -1382.479
           3360         336000      -1370.304
           3370         337000      -1237.954
           3380         338000      -1270.435
           3390         339000      -1227.424
           3400         340000      -1286.077
           3410         341000      -1212.410
           3420         342000      -1598.714
           3430         343000      -1505.573
           3440         344000      -1275.998
           3450         345000      -1502.181
           3460         346000      -1322.848
           3470         347000      -1200.218
           3480         348000      -1369.463
           3490         349000      -1276.128
           3500         350000      -1397.883
           3510         351000      -1438.275
           3520         352000      -1249.103
           3530         353000      -1249.603
           3540         354000      -1329.888
           3550         355000      -1456.272
           3560         356000      -1252.222
           3570         357000      -1247.722
           3580         358000      -1448.319
           3590         359000      -1343.880
           3600         360000      -1377.531
           3610         361000      -1402.242
           3620         362000      -1378.594
           3630         363000      -1461.815
           3640         364000      -1404.310
           3650         365000      -1375.054
           3660         366000      -1404.460
           3670         367000      -1385.603
           3680         368000      -1379.686
           3690         369000      -1445.418
           3700         370000      -1679.054
           3710         371000      -1368.489
           3720         372000      -1358.340
           3730         373000       -982.237
           3740         374000      -1041.007
           3750         375000      -1353.698
           3760         376000       -759.491
           3770         377000       -757.441
           3780         378000       -764.245
           3790         379000       -755.802
           3800         380000       -760.291
           3810         381000       -765.831
           3820         382000       -762.543
           3830         383000       -756.702
           3840         384000       -757.933
           3850         385000       -760.612
           3860         386000       -763.263
           3870         387000       -761.885
           3880         388000       -766.177
           3890         389000       -761.329
           3900         390000       -758.102
           3910         391000       -782.259
           3920         392000       -771.527
           3930         393000       -764.959
           3940         394000       -762.162
           3950         395000       -776.194
           3960         396000       -758.912
           3970         397000       -766.689
           3980         398000       -765.092
           3990         399000       -797.390
           4000         400000       -769.251
           4010         401000       -776.020
           4020         402000       -757.270
           4030         403000       -759.681
           4040         404000       -758.763
           4050         405000       -757.467
           4060         406000       -757.566
           4070         407000       -763.569
           4080         408000       -758.772
           4090         409000       -755.910
           4100         410000       -762.282
           4110         411000       -756.193
           4120         412000       -762.727
           4130         413000       -759.088
           4140         414000       -759.221
           4150         415000       -762.806
           4160         416000       -758.664
           4170         417000       -760.897
           4180         418000       -755.969
           4190         419000       -752.606
           4200         420000       -764.244
           4210         421000       -746.856
           4220         422000       -758.848
           4230         423000       -755.964
           4240         424000       -757.477
           4250         425000       -752.135
           4260         426000       -751.730
           4270         427000       -747.726
           4280         428000       -749.808
           4290         429000       -752.559
           4300         430000       -749.208
           4310         431000       -749.379
           4320         432000       -750.470
           4330         433000       -754.942
           4340         434000       -758.580
           4350         435000       -757.639
           4360         436000       -756.783
           4370         437000       -764.955
           4380         438000       -748.292
           4390         439000       -761.603
           4400         440000       -761.810
           4410         441000       -796.360
           4420         442000       -751.412
           4430         443000       -800.898
           4440         444000       -769.054
           4450         445000       -779.915
           4460         446000       -758.587
           4470         447000       -746.192
           4480         448000       -746.217
           4490         449000       -749.086
           4500         450000       -789.023
           4510         451000       -846.959
           4520         452000      -1020.787
           4530         453000      -1058.400
           4540         454000      -1156.198
           4550         455000      -1047.836
           4560         456000      -1051.370
           4570         457000      -1061.147
           4580         458000       -751.899
           4590         459000       -750.445
           4600         460000       -753.793
           4610         461000       -751.711
           4620         462000       -750.476
           4630         463000       -764.614
           4640         464000       -747.685
           4650         465000       -746.938
           4660         466000       -769.291
           4670         467000       -745.136
           4680         468000       -749.845
           4690         469000       -753.238
           4700         470000       -765.500
           4710         471000       -765.351
           4720         472000       -746.465
           4730         473000       -745.663
           4740         474000       -744.002
           4750         475000       -753.024
           4760         476000       -748.494
           4770         477000       -762.759
           4780         478000       -759.313
           4790         479000       -754.350
           4800         480000       -745.139
           4810         481000       -753.594
           4820         482000       -751.801
           4830         483000       -757.299
           4840         484000       -751.809
           4850         485000       -746.947
           4860         486000       -749.141
           4870         487000       -751.311
           4880         488000       -754.765
           4890         489000       -753.410
           4900         490000       -743.963
           4910         491000       -743.371
           4920         492000       -749.695
           4930         493000       -743.322
           4940         494000       -743.328
           4950         495000       -750.107
           4960         496000       -744.607
           4970         497000       -746.311
           4980         498000       -742.059
           4990         499000       -756.374
